1 12.78275 -13.148249999999999 -4.68 -0.29 0.51 
2 11.747499999999999 -13.24175 -4.55 -0.28 0.29 
3 10.6795 -13.047999999999998 -4.37 -0.31 0.61 
4 12.60675 -12.090250000000001 -4.43 -0.3 0.49 
5 11.593250000000001 -12.175249999999998 -4.48 -0.31 0.44 
6 13.62475 -11.924 -4.39 -0.27 0.45 
7 9.558 -12.2965 -4.4 -0.29 0.57 
8 10.537 -11.986 -4.58 -0.29 0.46 
9 2.923 -12.093 -4.4 -0.28 0.35 
10 1.9415 -12.095749999999999 -4.71 -0.23 0.72 
11 0.95975 -12.089000000000002 -4.39 -0.27 0.35 
12 14.4665 -10.801 -4.35 -0.28 0.41 
13 12.437249999999999 -11.023750000000001 -4.59 -0.3 0.44 
14 11.433250000000001 -11.12225 -5.43 -0.29 0.69 
15 13.439 -10.866500000000002 -4.45 -0.26 0.41 
16 9.42725 -11.24175 -4.15 -0.34 0.36 
17 8.43075 -11.2695 -4.49 -0.28 0.43 
18 10.393999999999998 -10.93625 -4.93 -0.29 0.63 
19 3.4132499999999997 -11.05625 -4.4 -0.3 0.69 
20 2.44225 -11.06375 -4.35 -0.3 0.35 
21 1.47475 -11.062750000000001 -4.25 -0.31 0.42 
22 0.50675 -11.0515 -4.47 -0.29 0.52 
23 14.265 -9.748249999999999 -4.26 -0.3 0.36 
24 12.2675 -9.97525 -4.63 -0.32 0.51 
25 13.252500000000001 -9.817250000000001 -4.44 -0.3 0.3 
1000000 1000000 1000000 1000000 1000000 1000000
27 8.67825 -10.26825 -4.33 -0.3 0.37 
28 9.6555 -10.16325 -4.56 -0.28 0.42 
29 7.696250000000001 -10.27975 -4.42 -0.29 0.47
1000000 1000000 1000000 1000000 1000000 1000000 
31 6.8655 -9.92625 -4.41 -0.28 0.34 
32 5.9885 -9.974499999999999 -4.54 -0.27 0.54 
33 5.11275 -10.00775 -4.5 -0.28 0.3 
34 4.2395 -10.02225 -4.56 -0.27 0.44 
35 3.3667499999999997 -10.02025 -4.48 -0.28 0.34 
36 2.4282500000000002 -10.01125 -4.48 -0.33 0.42 
37 0.45849999999999996 -10.028749999999999 -4.81 -0.23 0.47 
38 -2.53425 -9.996 -4.17 -0.34 0.42 
39 -1.53775 -10.01625 -4.26 -0.31 0.33 
40 -0.5404999999999999 -10.027249999999999 -4.33 -0.3 0.37 
41 -3.533 -9.963 -4.39 -0.31 0.37 
42 1.43225 -10.006250000000001 -4.53 -0.29 0.43 
43 11.56075 -9.2995 -6.62 -0.28 1.59 
44 13.437249999999999 -8.775 -4.72 -0.23 0.42 
45 12.45275 -8.88725 -4.31 -0.3 0.35 
46 8.689 -9.28325 -4.28 -0.31 0.29 
47 7.688750000000001 -9.3405 -4.32 -0.31 0.36 
48 9.65475 -9.11275 -4.67 -0.25 0.39 
49 10.607 -8.89725 -4.73 -0.29 0.46 
50 6.95375 -8.984250000000001 -4.5 -0.28 0.28 
51 6.08025 -8.94275 -4.71 -0.24 0.51 
52 5.2615 -8.9955 -4.81 -0.22 0.7 
53 4.26675 -9.02125 -4.5 -0.29 0.41 
54 -4.6645 -8.9945 -4.31 -0.31 0.41 
55 -3.6615 -9.03075 -4.33 -0.34 0.37 
56 3.2689999999999997 -9.01575 -4.79 -0.25 0.86 
57 -2.6745 -9.016 -4.48 -0.3 0.46 
58 11.50325 -8.32275 -4.58 -0.28 0.42 
59 2.277 -9.010750000000002 -4.53 -0.29 0.38 
60 1.2795 -9.0045 -4.46 -0.29 0.47 
61 -1.7075 -8.98825 -4.57 -0.29 0.43 
62 0.28450000000000003 -8.998999999999999 -4.61 -0.29 0.38 
63 -0.7110000000000001 -8.994 -4.52 -0.29 0.35 
64 7.8575 -8.3975 -4.56 -0.26 0.46 
65 13.38325 -7.73925 -4.44 -0.26 0.38 
66 8.71525 -8.2895 -4.49 -0.28 0.46 
67 12.411249999999999 -7.856250000000001 -4.58 -0.27 0.46 
68 9.654499999999999 -8.099499999999999 -4.28 -0.33 0.38 
69 10.64525 -7.934499999999999 -4.75 -0.26 0.41 
70 6.974 -7.953749999999999 -4.31 -0.3 1.05 
71 6.0625 -7.9982500000000005 -4.46 -0.32 0.75 
72 -5.8035 -7.995000000000001 -4.42 -0.31 0.3 
73 5.074 -7.998 -4.63 -0.26 0.59 
74 -4.814749999999999 -7.99525 -4.11 -0.35 0.32 
75 4.086 -7.99775 -4.36 -0.29 0.38 
76 11.566 -7.318 -4.48 -0.3 0.39 
77 -3.8265000000000002 -7.99525 -4.3 -0.35 0.35 
78 3.0965 -7.99675 -4.6 -0.28 0.41 
79 -2.83725 -7.99525 -4.38 -0.32 0.33 
80 2.107 -7.99625 -4.49 -0.27 0.59 
81 -1.8495000000000001 -7.99525 -4.47 -0.29 0.37 
82 1.1212499999999999 -7.995750000000001 -4.73 -0.26 0.62 
83 -0.8574999999999999 -7.996 -4.39 -0.31 0.4 
84 0.13 -7.996500000000001 -4.34 -0.31 0.49 
85 7.736 -7.4704999999999995 -4.66 -0.27 0.65 
86 8.6995 -7.2997499999999995 -4.1 -0.35 0.65 
87 12.498 -6.78975 -4.35 -0.31 0.29 
88 9.656 -7.132 -4.62 -0.26 0.39 
89 10.58625 -6.9505 -4.41 -0.29 0.36 
90 6.914 -6.962 -4.63 -0.29 0.66 
91 5.914 -6.99575 -4.54 -0.29 0.27 
92 -5.969 -6.942 -4.34 -0.35 0.46 
93 -4.9645 -6.99725 -4.62 -0.3 0.45 
94 4.9245 -6.9955 -4.6 -0.29 0.39 
95 -6.9735 -6.838749999999999 -4.19 -0.37 0.44 
96 -3.9745 -6.998 -4.37 -0.34 0.35 
97 3.9370000000000003 -6.99725 -4.59 -0.27 0.45 
98 11.404500000000002 -6.2932500000000005 -4.16 -0.35 0.45 
99 -2.9872500000000004 -6.99775 -4.59 -0.31 0.3 
100 2.9485 -6.9967500000000005 -4.57 -0.3 0.43 
101 -1.99525 -6.998 -4.67 -0.31 0.4 
102 1.9575 -6.99775 -4.71 -0.29 0.42 
103 -1.00775 -6.998 -4.76 -0.3 0.32 
104 0.97075 -6.998500000000001 -4.84 -0.26 0.7 
105 -0.007000000000000006 -6.984 -4.99 -0.25 0.42 
106 7.745500000000001 -6.49675 -4.32 -0.31 0.27 
107 8.68275 -6.351 -4.43 -0.32 0.36 
108 9.6075 -6.1835 -4.48 -0.31 0.37 
109 10.43775 -5.93025 -4.35 -0.32 0.32 
110 6.752750000000001 -5.9955 -4.78 -0.24 0.3 
111 7.6995000000000005 -5.8862499999999995 -4.21 -0.33 0.34 
112 -8.156749999999999 -5.83575 -4.35 -0.33 0.35 
113 5.76425 -5.99575 -4.48 -0.3 0.35 
114 -7.14475 -5.8605 -4.79 -0.28 0.56 
115 9.526 -5.58675 -4.45 -0.31 0.32 
116 4.7735 -5.99575 -4.65 -0.28 0.49 
117 -5.1290000000000004 -5.96275 -5.0 -0.23 0.9 
118 -6.135249999999999 -5.8767499999999995 -4.3 -0.35 0.36 
119 -4.12275 -5.99475 -4.59 -0.33 0.43 
120 3.78325 -5.99525 -4.75 -0.3 0.43 
121 -3.13225 -5.996 -4.61 -0.31 0.35 
122 2.79775 -5.9955 -5.15 -0.23 0.29 
123 -2.14575 -5.996250000000001 -4.73 -0.32 0.33 
124 1.80825 -5.9955 -4.98 -0.27 0.37 
125 -1.15875 -5.995500000000001 -4.88 -0.27 0.33 
126 0.8182499999999999 -5.9955 -4.64 -0.3 0.3 
127 -0.16775 -5.99575 -4.86 -0.29 0.42 
128 8.6095 -5.38475 -4.49 -0.32 0.37 
129 10.29025 -4.9135 -4.4 -0.33 0.39 
130 7.64975 -5.04725 -4.31 -0.33 0.42 
131 9.41525 -4.77425 -4.29 -0.34 0.37 
132 6.65425 -5.0395 -4.78 -0.27 0.31 
133 -8.3225 -4.8825 -4.57 -0.29 0.45 
134 -7.30675 -4.90075 -4.09 -0.38 0.4 
135 5.6155 -4.99525 -4.44 -0.33 0.35 
136 8.57025 -4.7215 -4.33 -0.33 0.37 
137 -6.295249999999999 -4.906499999999999 -4.48 -0.32 0.33 
138 4.6267499999999995 -4.9955 -4.73 -0.29 0.5 
139 -4.2855 -4.98475 -4.85 -0.31 0.33 
140 -5.29075 -4.922 -4.79 -0.3 0.43 
141 3.63875 -4.99625 -5.01 -0.28 0.34 
142 -3.2842499999999997 -4.99625 -4.88 -0.31 0.26 
143 2.6470000000000002 -4.99675 -5.17 -0.25 0.39 
144 -2.2952500000000002 -4.99575 -4.72 -0.33 0.29 
145 1.6595 -4.9967500000000005 -5.09 -0.23 0.55 
146 -1.3065 -4.99625 -5.04 -0.29 1.13 
147 0.6699999999999999 -4.99575 -4.85 -0.24 0.53 
148 -0.31725000000000003 -4.9955 -4.95 -0.26 0.3 
149 10.14075 -3.90075 -4.53 -0.3 0.37 
150 8.49425 -4.05225 -4.46 -0.32 0.43 
151 -9.43475 -3.9364999999999997 -4.53 -0.33 0.41 
152 9.48925 -3.9215 -4.49 -0.3 0.31 
153 7.5009999999999994 -4.047000000000001 -4.24 -0.36 0.39 
154 -8.43875 -3.94275 -4.43 -0.35 0.4 
155 6.5045 -4.04 -4.66 -0.28 0.42 
156 -7.44 -3.9495000000000005 -4.59 -0.32 0.36 
157 5.507 -4.03325 -4.95 -0.27 0.33 
158 -6.425750000000001 -3.9457500000000003 -4.69 -0.32 0.37 
159 -5.429499999999999 -3.9530000000000003 -4.99 -0.32 0.33 
160 4.4755 -3.9955 -4.85 -0.29 0.31 
161 -4.448499999999999 -3.9707500000000007 -5.04 -0.31 0.38 
162 3.48725 -3.99475 -4.98 -0.29 0.34 
163 -3.45275 -3.9770000000000003 -4.66 -0.35 0.31 
164 2.4995000000000003 -3.9955 -5.1 -0.22 0.62 
165 -2.43225 -3.9827500000000002 -4.92 -0.31 0.4 
166 1.5095 -3.9955 -6.13 -0.14 0.67 
167 -1.45675 -3.9955 -5.09 -0.25 0.39 
168 0.5215 -3.9955 -5.49 -0.17 0.68 
169 -0.46725 -3.995 -4.81 -0.25 0.59 
170 10.068249999999999 -2.987 -4.37 -0.32 0.26 
171 8.056999999999999 -3.1260000000000003 -4.16 -0.37 0.31 
172 -9.580749999999998 -2.9354999999999998 -4.35 -0.38 0.36 
173 9.06675 -2.9535 -4.41 -0.32 0.3 
174 -8.588750000000001 -2.942 -4.46 -0.35 0.33 
175 7.0584999999999996 -3.044 -4.58 -0.31 0.47 
176 -7.591749999999999 -2.9469999999999996 -4.49 -0.34 0.34 
177 6.06175 -3.0370000000000004 -4.8 -0.31 0.85 
178 -6.59725 -2.9545 -4.87 -0.32 0.46 
179 5.0665 -3.0332500000000002 -5.03 -0.28 0.4 
180 -5.6005 -2.9612499999999997 -5.02 -0.32 0.26 
181 4.0695 -3.0240000000000005 -4.92 -0.3 0.3 
182 -4.6025 -2.96675 -4.94 -0.31 0.29 
183 -2.678 -3.03 -5.07 -0.26 0.53 
184 -0.75075 -3.0654999999999997 -5.66 -0.22 0.34 
185 -1.70825 -3.0495 -5.16 -0.27 0.63 
186 0.21599999999999997 -3.065 -5.81 -0.16 0.52 
187 3.07025 -2.9987500000000002 -5.31 -0.25 0.38 
188 1.14225 -3.0545 -6.2 -0.14 0.82 
189 -3.6079999999999997 -2.9722500000000003 -4.94 -0.32 0.29 
190 2.0774999999999997 -3.01025 -5.67 -0.17 0.63 
191 9.962 -1.9745 -4.38 -0.35 0.32 
192 -9.734 -1.9302500000000002 -4.63 -0.36 0.38 
193 7.957749999999999 -2.11225 -4.29 -0.35 0.29 
194 8.970749999999999 -1.95175 -4.2 -0.36 0.86 
195 -8.738999999999999 -1.937 -4.45 -0.38 0.36 
196 6.9975 -2.044 -4.46 -0.35 0.42 
197 -7.7445 -1.943 -4.55 -0.36 0.35 
198 6.009 -2.0445 -4.68 -0.33 0.33 
199 -6.74925 -1.9495 -4.71 -0.36 0.29 
200 5.15425 -2.0337500000000004 -5.0 -0.31 0.3 
201 -5.75225 -1.9562499999999998 -4.94 -0.35 0.28 
202 4.210000000000001 -2.026 -4.9 -0.31 0.35 
203 -4.75425 -1.964 -4.81 -0.35 0.26 
204 3.21475 -2.0192500000000004 -5.28 -0.28 0.4 
205 -2.7635000000000005 -2.0242500000000003 -5.38 -0.27 0.35 
206 -3.7597499999999995 -1.9705000000000001 -5.04 -0.3 0.36 
207 -1.7765 -2.049 -7.09 -0.25 1.68 
208 1.2297500000000001 -2.0585 -5.92 -0.18 0.71 
209 0.22199999999999998 -2.0665 -5.9 -0.18 0.84 
210 -0.781 -2.061 -6.1 -0.33 0.53 
211 2.218 -2.0145 -5.51 -0.27 0.37 
1000000 1000000 1000000 1000000 1000000 1000000
213 9.8655 -0.96475 -4.17 -0.36 0.35 
1000000 1000000 1000000 1000000 1000000 1000000
215 -9.887 -0.9259999999999999 -4.39 -0.41 0.36 
216 7.911750000000001 -1.10725 -4.31 -0.37 0.3 
217 8.900749999999999 -0.9532499999999999 -4.49 -0.33 0.32 
218 -8.89 -0.93275 -4.63 -0.38 0.43 
219 6.939500000000001 -1.0795000000000001 -4.61 -0.34 0.3 
220 -7.8965000000000005 -0.93925 -4.35 -0.39 0.34 
221 -6.8995 -0.94675 -4.65 -0.37 0.25 
222 6.07775 -1.02475 -4.55 -0.36 0.28 
223 5.08025 -1.031 -5.2 -0.27 0.33 
224 -5.90325 -0.954 -4.86 -0.34 0.32 
225 4.083 -1.0364999999999998 -5.05 -0.28 0.51 
226 -4.90925 -0.9610000000000001 -4.93 -0.32 0.26 
227 3.064 -1.021 -5.18 -0.27 0.66 
1000000 1000000 1000000 1000000 1000000 1000000
229 -2.9172499999999997 -1.02175 -5.24 -0.32 0.22 
230 -3.9095000000000004 -0.96825 -5.21 -0.31 0.31 
231 -1.926 -1.0505 -6.6 -0.34 1.0 
1000000 1000000 1000000 1000000 1000000 1000000
1000000 1000000 1000000 1000000 1000000 1000000
234 2.06625 -1.0135 -5.66 -0.25 0.24 
1000000 1000000 1000000 1000000 1000000 1000000
236 9.796 0.04624999999999996 -4.26 -0.38 0.3 
237 -9.309 0.012749999999999984 -4.26 -0.41 0.27 
238 -10.3155 0.15975 -4.22 -0.41 0.29 
239 7.836499999999999 -0.10425000000000001 -4.31 -0.38 0.33 
240 8.841 0.03974999999999998 -4.67 -0.34 0.3 
241 -8.33075 0.01100000000000001 -4.37 -0.39 0.32 
242 6.8229999999999995 -0.09575 -4.68 -0.34 0.33 
243 -7.3535 0.009499999999999953 -4.47 -0.38 0.36 
244 -6.3725000000000005 0.007750000000000007 -4.81 -0.34 0.29 
245 5.83475 -0.02924999999999997 -4.69 -0.36 0.29 
246 -5.39225 0.006749999999999978 -4.77 -0.34 0.26 
247 4.8555 -0.033249999999999974 -4.91 -0.34 0.32 
1000000 1000000 1000000 1000000 1000000 1000000
1000000 1000000 1000000 1000000 1000000 1000000
250 3.8715 -0.03225000000000003 -4.97 -0.35 0.49 
251 -4.4115 0.0050000000000000044 -4.86 -0.33 0.28 
252 2.8702499999999995 -0.038250000000000034 -5.35 -0.31 0.23 
253 -2.42625 -0.05374999999999999 -5.79 -0.26 0.39 
1000000 1000000 1000000 1000000 1000000 1000000
255 -3.4325 0.0042500000000000315 -5.11 -0.34 0.36 
256 1.91625 -0.012750000000000011 -5.75 -0.27 0.47 
1000000 1000000 1000000 1000000 1000000 1000000
258 9.676 1.0382500000000001 -4.13 -0.42 0.28 
259 -10.26775 1.1657499999999998 -4.35 -0.41 0.28 
260 -9.277 1.017 -4.2 -0.43 0.23 
261 7.73175 0.9005000000000001 -4.36 -0.37 0.34 
262 8.70275 1.0330000000000001 -4.41 -0.36 0.27 
263 -8.30575 1.01325 -4.39 -0.4 0.31 
264 6.7620000000000005 0.8797499999999999 -4.73 -0.35 0.25 
1000000 1000000 1000000 1000000 1000000 1000000
1000000 1000000 1000000 1000000 1000000 1000000
267 -7.335 1.0110000000000001 -4.36 -0.42 0.27 
268 -6.3614999999999995 1.00875 -4.7 -0.37 0.28 
269 5.8115000000000006 0.9734999999999999 -5.02 -0.31 0.3 
270 -5.388749999999999 1.00625 -4.75 -0.36 0.27 
271 4.835 0.968 -4.7 -0.37 0.24 
272 -4.41675 1.004 -4.61 -0.38 0.27 
273 4.0655 0.982 -4.85 -0.34 0.23 
274 3.073 0.9682499999999999 -5.29 -0.28 0.57 
275 2.08075 0.929 -4.82 -0.34 0.88 
276 -1.4645 0.9192499999999999 -6.01 -0.22 0.49 
277 -2.45375 0.953 -5.61 -0.28 0.26 
278 -3.4445 1.00225 -5.23 -0.32 0.33 
1000000 1000000 1000000 1000000 1000000 1000000
280 9.60075 2.0355 -4.29 -0.4 0.27 
281 -9.57475 2.0707500000000003 -4.28 -0.41 0.29 
282 7.667999999999999 1.903 -4.62 -0.35 0.31 
283 8.6365 2.03025 -4.26 -0.41 0.39 
284 -8.6105 2.06225 -4.74 -0.35 1.07 
1000000 1000000 1000000 1000000 1000000 1000000
286 -0.84275 1.50075 -5.89 -0.26 0.34 
287 6.734249999999999 1.9367500000000002 -4.59 -0.37 0.25 
288 -7.6455 2.0525 -4.22 -0.45 0.35 
289 -6.679749999999999 2.0445 -4.73 -0.38 0.32 
290 5.773000000000001 1.977 -4.62 -0.39 0.3 
291 -5.713749999999999 2.03625 -4.87 -0.35 0.21 
292 4.99925 1.9965 -4.56 -0.39 0.29 
293 -4.748 2.02825 -5.03 -0.32 0.39 
294 4.03175 1.98825 -4.58 -0.41 0.27 
295 3.0482500000000003 1.96425 -4.96 -0.38 0.28 
296 2.0657500000000004 1.92525 -5.2 -0.32 0.73 
297 -1.8170000000000002 1.9252500000000001 -5.69 -0.28 0.23 
298 -2.8000000000000003 1.96475 -5.44 -0.29 0.33 
299 -3.78075 2.02 -5.19 -0.28 0.3 
300 9.52175 3.03375 -4.0 -0.44 0.26 
301 1.08475 2.2977499999999997 -5.58 -0.35 0.47 
302 -9.50925 3.1037500000000002 -4.28 -0.44 0.27 
303 8.6365 3.04025 -4.44 -0.4 0.23 
304 7.64475 2.90875 -4.23 -0.42 0.31 
305 -8.5395 3.0615 -4.26 -0.45 0.31 
306 0.14875 2.4875 -5.88 -0.27 0.81 
307 -0.82975 2.4975 -5.51 -0.31 0.16 
308 6.696000000000001 2.936 -4.6 -0.39 0.38 
309 -7.58025 3.0515 -4.51 -0.41 0.29 
310 -6.62325 3.0425 -4.62 -0.4 0.29 
311 5.920999999999999 3.00325 -4.72 -0.38 0.23 
312 -5.66525 3.0345 -4.84 -0.39 0.29 
313 4.953250000000001 3.0095 -4.59 -0.4 0.27 
314 -4.705 3.026 -4.88 -0.35 0.28 
315 3.99825 2.99125 -4.95 -0.34 0.3 
316 3.0214999999999996 2.956 -4.81 -0.38 0.3 
317 2.04825 2.9227499999999997 -6.1 -0.44 1.24 
318 -1.79875 2.9227499999999997 -5.33 -0.32 0.24 
319 -2.77325 2.9627499999999998 -5.09 -0.33 0.26 
320 -3.74875 3.018 -5.13 -0.32 0.31 
321 9.51125 4.04575 -4.45 -0.41 0.31 
322 1.0775 3.2945 -5.36 -0.34 0.65 
323 -9.415500000000002 4.09875 -4.41 -0.44 0.32 
324 7.6075 3.90725 -4.32 -0.42 0.33 
325 8.56275 4.03875 -4.42 -0.42 0.3 
326 -8.45925 4.0600000000000005 -4.25 -0.47 0.28 
327 0.14825 3.48675 -5.28 -0.34 0.22 
328 -0.8212499999999999 3.4952500000000004 -5.6 -0.28 0.87 
329 6.84225 3.9587499999999998 -4.4 -0.42 0.35 
330 -7.5105 4.0504999999999995 -4.83 -0.37 0.93 
331 -6.5625 4.042 -4.23 -0.45 0.25 
332 5.863499999999999 4.01825 -4.41 -0.43 0.26 
333 -5.6122499999999995 4.0337499999999995 -4.76 -0.39 0.25 
334 4.9085 4.0295000000000005 -4.77 -0.39 0.3 
335 -4.662 4.02475 -4.89 -0.38 0.26 
336 3.9615 3.99025 -5.0 -0.34 0.7 
337 2.9955 3.95425 -4.59 -0.41 0.29 
338 2.02825 3.9155 -4.87 -0.37 0.23 
339 -2.747 3.96125 -4.96 -0.36 0.26 
340 -1.779 3.9215000000000004 -4.8 -0.38 0.25 
341 -3.714 4.01725 -4.76 -0.4 0.27 
342 8.646249999999998 4.9405 -4.32 -0.42 0.25 
343 1.0627499999999999 4.28875 -4.93 -0.37 0.25 
344 7.7025 4.930750000000001 -4.61 -0.39 0.32 
345 -8.373000000000001 5.0794999999999995 -4.32 -0.46 0.21 
346 0.15225 4.481 -4.69 -0.41 0.25 
347 -0.8124999999999999 4.489750000000001 -5.35 -0.28 0.87 
348 6.7585 4.942 -4.24 -0.46 0.27 
349 -7.4395 5.05125 -4.5 -0.43 0.29 
350 -6.4967500000000005 5.04175 -4.38 -0.45 0.26 
351 5.8035 5.0275 -4.42 -0.44 0.68 
352 -5.557 5.03375 -4.47 -0.45 0.22 
353 4.861750000000001 5.01875 -4.59 -0.43 0.3 
354 -4.6160000000000005 5.025250000000001 -4.92 -0.4 0.22 
355 3.925 4.991750000000001 -4.85 -0.4 0.32 
356 2.966 4.95625 -4.71 -0.41 0.24 
357 2.0095 4.91675 -4.6 -0.43 0.24 
358 -1.7634999999999998 4.9167499999999995 -4.88 -0.38 0.35 
359 -2.7197500000000003 4.963 -4.8 -0.39 0.26 
360 -3.6734999999999998 5.0177499999999995 -4.66 -0.43 0.3 
361 1.05375 5.29075 -4.89 -0.38 0.23 
362 7.632 5.93325 -4.57 -0.41 0.33 
363 -8.284999999999998 6.08375 -4.1 -0.52 0.3 
364 0.154 5.484 -4.9 -0.38 0.18 
365 -0.8002499999999999 5.492749999999999 -5.13 -0.34 0.28 
366 6.69375 5.945749999999999 -4.39 -0.46 0.41 
367 -7.367000000000001 6.0535000000000005 -4.28 -0.49 0.31 
368 -6.4350000000000005 6.0465 -4.32 -0.48 0.18 
369 5.751 6.038 -4.21 -0.49 0.35 
370 -5.50225 6.0375000000000005 -4.43 -0.46 0.19 
371 4.81925 6.0305 -4.56 -0.44 0.51 
372 -4.5672500000000005 6.029999999999999 -4.37 -0.48 0.35 
373 3.88525 5.995000000000001 -4.67 -0.43 0.26 
374 2.9379999999999997 5.96025 -4.63 -0.42 0.28 
375 1.9917500000000001 5.9205 -5.0 -0.38 0.22 
376 -1.74325 5.92175 -5.05 -0.37 1.16 
377 -2.6895000000000002 5.960750000000001 -4.5 -0.48 0.68 
378 -3.63725 6.022 -4.74 -0.44 0.28 
379 1.04075 6.296749999999999 -4.66 -0.43 0.28 
380 7.5032499999999995 6.94275 -4.16 -0.48 0.28 
381 0.1525 6.49025 -4.68 -0.43 0.17 
382 -0.7905000000000001 6.4990000000000006 -5.14 -0.38 0.3 
383 6.57775 6.95575 -4.42 -0.45 0.27 
384 -7.243250000000001 7.0655 -4.5 -0.45 0.3 
385 -6.32625 7.0575 -4.78 -0.42 0.31 
386 5.69475 7.045 -4.36 -0.47 0.31 
387 -5.4085 7.04875 -4.47 -0.46 0.25 
388 4.7692499999999995 7.03825 -4.74 -0.41 1.27 
389 -4.48925 7.040500000000001 -4.5 -0.46 0.34 
390 -3.7027499999999995 6.98625 -4.42 -0.47 0.27 
391 3.846 7.022 -4.43 -0.46 0.34 
392 2.90575 6.97525 -4.68 -0.42 0.3 
393 1.9697500000000001 6.935249999999999 -4.48 -0.46 0.34 
394 -2.721 6.970750000000001 -4.8 -0.43 0.41 
395 -1.7229999999999999 6.936 -5.42 -0.41 0.53 
396 1.02275 7.31775 -4.6 -0.45 0.29 
397 0.15175 7.5115 -4.47 -0.46 0.28 
398 -0.77525 7.521 -5.06 -0.44 0.46 
399 -4.413 8.0585 -4.61 -0.45 0.32 
400 -3.6374999999999997 8.00325 -4.55 -0.47 0.3 
401 -2.6754999999999995 7.982000000000001 -4.38 -0.49 0.26 
402 -1.69325 7.9535 -4.82 -0.44 0.36 
403 -0.7615 8.54025 -4.8 -0.44 0.99 
404 -3.57175 9.02425 -4.9 -0.41 0.33 
405 -2.63 9.003499999999999 -4.6 -0.46 0.26 
406 -1.66 8.973749999999999 -4.54 -0.47 0.29 
